0 3 4
0 4 13
0 5 13
0 7 7
0 8 9
0 9 2
0 12 3
0 13 14
0 15 4
0 16 15
0 17 20
0 19 17
1 3 8
1 4 -4
1 6 8
1 8 14
1 9 4
1 10 12
1 11 12
1 12 15
1 13 20
1 14 17
1 15 1
1 17 1
2 4 13
2 5 1
2 7 0
2 8 9
2 11 5
2 13 19
2 14 4
2 15 9
2 16 18
2 17 18
2 18 13
2 19 13
3 6 15
3 8 0
3 10 8
3 11 -1
3 12 -2
3 13 15
3 14 -5
3 15 1
3 16 4
3 17 11
3 18 1
3 19 11
4 5 11
4 9 0
4 12 1
4 13 13
4 14 10
4 16 4
5 8 4
5 10 0
5 12 0
5 13 -1
5 14 -5
5 19 17
6 7 17
6 8 19
6 9 4
6 11 20
6 12 9
6 13 2
6 14 3
6 16 12
6 17 -1
6 18 3
6 19 14
7 8 17
7 12 -2
7 14 -3
7 16 19
7 17 3
7 18 -3
8 9 8
8 10 18
8 12 -4
8 14 4
8 15 1
8 16 4
8 17 -3
8 19 5
9 10 16
9 11 9
9 16 19
9 18 5
9 19 13
10 12 -5
10 13 3
10 14 13
10 15 9
10 16 10
10 17 10
10 19 3
11 13 9
11 15 -5
11 18 8
12 13 -3
12 14 -3
12 15 1
12 18 -3
12 19 -1
13 15 4
13 17 14
13 18 -3
13 19 10
14 16 13
14 18 5
14 19 8
15 16 20
15 19 1
16 17 20
16 18 13
17 19 14
18 19 8
